1  (331,847)  (358,904)  (301,904)  (292,790)  (349,790)  
10  (4051,356)  (4081,413)  (4024,413)  (4015,299)  (4072,299)  
11  (3921,354)  (3951,411)  (3894,411)  (3885,297)  (3942,297)  
12  (3517,679)  (3460,685)  (3460,628)  (3573,736)  (3517,622)  (3516,742)  (3408,571)  (3630,764)  (3573,793)  (3465,565)  (3658,821)  (3351,564)  (3408,514)  (3601,850)  
13  (3805,738)  (3748,794)  (3748,737)  (3861,795)  (3805,681)  (3862,698)  (3746,680)  (3918,755)  (3918,812)  (3803,624)  (3689,697)  (3689,640)  (3746,623)  (3649,583)  (3975,736)  (3975,793)  (3803,567)  (3706,566)  (3592,561)  (3649,526)  (4032,741)  (4032,798)  (3763,510)  (3820,510)  (3706,509)  (3570,504)  (3627,469)  (4089,744)  (4089,801)  (3763,453)  (3820,453)  (3684,452)  (3513,472)  (3570,447)  (3627,412)  (4146,745)  (4146,802)  (3741,396)  (3798,396)  (3684,395)  (4203,746)  (4203,803)  (4260,746)  (4260,803)  (4317,746)  (4317,803)  (4374,746)  (4374,803)  
14  (4486,843)  (4516,900)  (4459,900)  (4450,786)  (4507,786)  
15  (4617,835)  (4646,892)  (4589,892)  (4580,778)  (4637,778)  
16  (4181,1028)  (4124,1084)  (4124,1027)  (4237,1085)  (4181,971)  (4238,971)  (4238,1028)  (4122,970)  (4180,1141)  (4123,1141)  (4067,1084)  (4067,1027)  (4294,1085)  (4294,1142)  (4237,1142)  (4066,1142)  (4179,914)  (4236,914)  (4293,914)  (4295,971)  (4295,1028)  (4065,970)  (4065,913)  (4122,913)  (4350,876)  (4010,1085)  (4010,1028)  (4351,1085)  (4351,1142)  (4351,1199)  (4038,1199)  (4009,1142)  (4352,933)  (4352,990)  (4008,971)  (4008,914)  (3981,1227)  (3953,1085)  (3953,1028)  (4408,1093)  (4408,1150)  (4408,1207)  (3952,1170)  (3951,971)  (3951,914)  (4416,1264)  (3959,1284)  (3924,1227)  (3902,1306)  (3896,1113)  (3896,1056)  (4465,1115)  (4465,1172)  (3895,1170)  (3894,999)  (3894,942)  (3894,885)  (4473,1229)  (4473,1286)  (4495,1343)  (4438,1343)  (3934,1363)  (4522,1115)  (4522,1172)  (3837,1014)  (3837,957)  (3837,900)  (4530,1229)  (4530,1286)  (4552,1343)  (4579,1136)  (4587,1193)  (4587,1250)  
17  (3741,1155)  (3684,1133)  (3797,1212)  (3740,1212)  (3741,1098)  (3668,1076)  (3821,1269)  (3764,1269)  (3725,1041)  (3649,1019)  (3829,1326)  (3772,1326)  (3706,984)  (3626,962)  (3835,1383)  (3778,1383)  (3683,927)  
18  (3766,1684)  (3709,1740)  (3809,1741)  (3718,1627)  (3775,1627)  (3832,1601)  (3752,1797)  (3695,1797)  (3722,1570)  (3779,1544)  (3836,1544)  (3779,1854)  (3722,1854)  (3665,1877)  (3724,1487)  (3781,1487)  (3838,1487)  (3760,1911)  (3703,1934)  
19  (4135,1821)  (4078,1877)  (4078,1820)  (4191,1878)  (4135,1764)  (4192,1764)  (4192,1821)  (4076,1763)  (4134,1934)  (4077,1934)  (4021,1877)  (4021,1820)  (4248,1878)  (4248,1935)  (4191,1935)  (4020,1935)  (4133,1707)  (4190,1707)  (4247,1707)  (4249,1764)  (4249,1821)  (4019,1763)  (4019,1706)  (4076,1706)  (4304,1654)  (4134,1991)  (4077,1991)  (3964,1878)  (3964,1821)  (4305,1878)  (4305,1935)  (4305,1992)  (4248,1992)  (4191,1992)  (4020,1992)  (3963,1992)  (3963,1935)  (4306,1711)  (4306,1768)  (3962,1764)  (3962,1707)  (3962,1650)  (4019,1649)  (4361,1619)  (3907,1878)  (3907,1821)  (4362,1825)  (4362,1882)  (4362,1939)  (4362,1996)  (3906,1999)  (3906,1942)  (3906,1593)  (4363,1676)  (4363,1733)  (3905,1764)  (3905,1707)  (3905,1650)  (3963,1592)  (4409,1562)  (3849,1992)  (3849,1935)  (3904,1536)  (4433,1505)  (4466,1562)  (3904,1479)  (4490,1466)  (4523,1523)  (4523,1580)  (4547,1453)  (4580,1510)  (4580,1567)  
2  (457,844)  (488,901)  (431,901)  (422,787)  (479,787)  
20  (4485,2040)  (4516,2097)  (4459,2097)  (4450,1983)  (4507,1983)  
21  (4618,2042)  (4646,2099)  (4589,2099)  (4580,1985)  (4637,1985)  
22  (3751,2291)  (3694,2347)  (3694,2290)  (3807,2348)  (3751,2234)  (3808,2234)  (3808,2291)  (3750,2404)  (3693,2404)  (3637,2347)  (3821,2405)  (3636,2405)  (3731,2177)  (3788,2177)  (3845,2177)  (3902,2140)  (3764,2461)  (3707,2461)  (3821,2462)  (3650,2462)  (3593,2462)  (3579,2405)  (3761,2120)  (3818,2120)  (3875,2083)  (3932,2083)  (3959,2140)  (3536,2497)  (3787,2063)  (3989,2070)  (4016,2127)  (4073,2072)  (4073,2129)  (4130,2072)  (4130,2129)  (4187,2073)  (4244,2073)  (4301,2073)  (4358,2073)  
23  (3549,2215)  (3492,2271)  (3568,2272)  (3533,2158)  (3590,2158)  (3606,2215)  (3647,2117)  (3511,2328)  (3454,2328)  (3567,2101)  (3397,2366)  (3624,2060)  (3681,2060)  (3476,2385)  (3419,2423)  (3617,2003)  
24  (4184,2805)  (4213,2862)  (4156,2862)  (4147,2748)  (4204,2748)  
25  (4055,2804)  (4083,2861)  (4026,2861)  (4017,2747)  (4074,2747)  
26  (3549,2727)  (3492,2783)  (3492,2726)  (3605,2784)  (3549,2670)  (3606,2670)  (3606,2727)  (3490,2669)  (3548,2840)  (3491,2840)  (3435,2783)  (3435,2726)  (3662,2784)  (3662,2841)  (3605,2841)  (3434,2841)  (3547,2613)  (3604,2613)  (3661,2613)  (3663,2670)  (3663,2727)  (3433,2669)  (3433,2612)  (3490,2612)  (3718,2569)  (3378,2784)  (3378,2727)  (3719,2784)  (3719,2841)  (3377,2873)  (3720,2626)  (3720,2683)  (3376,2670)  (3376,2613)  (3427,2555)  (3775,2569)  (3321,2816)  (3321,2759)  (3776,2740)  (3776,2797)  (3776,2854)  (3777,2626)  (3777,2683)  (3319,2702)  (3319,2645)  (3264,2855)  (3264,2798)  (3833,2740)  (3833,2797)  (3833,2854)  (3834,2635)  (3262,2741)  (3262,2684)  (3207,2837)  (3890,2693)  (3890,2750)  (3890,2807)  (3890,2864)  (3205,2780)  (3205,2723)  (3947,2709)  (3947,2766)  (3947,2823)  (3947,2880)  (3148,2810)  (3148,2753)  (3091,2779)  
27  (3160,2584)  (3103,2640)  (3103,2583)  (3164,2641)  (3167,2527)  (3217,2584)  (3224,2520)  (3061,2697)  (3046,2640)  (3257,2463)  (3281,2520)  (3004,2723)  (2989,2666)  (3338,2510)  (2932,2676)  
28  (2608,2781)  (2551,2836)  (2551,2779)  (2665,2733)  (2665,2790)  (2494,2839)  (2494,2782)  (2722,2704)  (2722,2761)  (2437,2839)  (2437,2782)  (2779,2692)  (2779,2749)  (2380,2835)  (2380,2778)  (2836,2715)  (2836,2772)  (2893,2753)  
29  (2197,2750)  (2140,2793)  (2140,2736)  (2253,2807)  (2254,2710)  (2115,2679)  
3  (699,671)  (642,727)  (642,670)  (755,728)  (699,614)  (756,614)  (756,671)  (640,613)  (698,784)  (641,784)  (585,727)  (585,670)  (812,784)  (755,785)  (584,785)  (697,557)  (754,557)  (811,544)  (740,500)  (797,487)  (818,430)  
30  (1817,2603)  (1760,2627)  (1760,2570)  (1873,2660)  (1874,2584)  (1726,2513)  (1703,2590)  (1930,2641)  (1930,2698)  (1669,2533)  (1669,2476)  (1987,2636)  (1987,2693)  (2005,2750)  (1612,2521)  
31  (1372,2724)  (1315,2780)  (1315,2723)  (1428,2781)  (1372,2667)  (1429,2667)  (1429,2724)  (1313,2666)  (1371,2837)  (1314,2837)  (1258,2780)  (1258,2723)  (1485,2781)  (1485,2838)  (1428,2838)  (1257,2838)  (1370,2610)  (1427,2610)  (1484,2610)  (1486,2667)  (1486,2724)  (1256,2666)  (1256,2609)  (1313,2609)  (1541,2575)  (1201,2781)  (1201,2724)  (1542,2781)  (1542,2838)  (1200,2885)  (1543,2632)  (1543,2689)  (1199,2667)  (1199,2610)  (1144,2828)  (1144,2771)  (1599,2746)  (1599,2803)  (1599,2860)  (1143,2885)  (1600,2623)  (1600,2680)  (1142,2714)  (1142,2657)  (1142,2600)  (1087,2828)  (1087,2771)  (1656,2737)  (1656,2794)  (1656,2851)  (1086,2885)  (1657,2663)  (1085,2714)  (1030,2828)  (1030,2771)  (1713,2720)  (1713,2777)  (1713,2834)  (1029,2885)  (1028,2714)  (1770,2732)  (1770,2789)  (1827,2762)  
32  (755,2798)  (787,2855)  (730,2855)  (721,2741)  (778,2741)  
33  (890,2794)  (917,2851)  (860,2851)  (851,2737)  (908,2737)  
34  (1228,2371)  (1171,2427)  (1171,2370)  (1284,2428)  (1228,2314)  (1285,2314)  (1285,2371)  (1169,2313)  (1227,2484)  (1170,2484)  (1114,2427)  (1114,2370)  (1341,2428)  (1341,2485)  (1284,2485)  (1113,2485)  (1226,2257)  (1342,2370)  (1112,2308)  (1169,2256)  (1108,2251)  (1398,2437)  (1398,2494)  
35  (1457,2295)  (1400,2303)  (1400,2246)  (1513,2352)  (1457,2238)  (1456,2360)  (1350,2189)  (1570,2357)  (1513,2409)  (1407,2181)  (1575,2414)  
36  (1263,1964)  (1206,1967)  (1206,1910)  (1319,2021)  (1263,1907)  (1262,2024)  (1194,1853)  (1352,2078)  (1251,1850)  (1295,2081)  
37  (906,2004)  (849,2060)  (849,2003)  (962,2061)  (906,1947)  (963,1947)  (963,2004)  (847,1946)  (905,2117)  (848,2117)  (792,2060)  (792,2003)  (1019,2061)  (1019,2118)  (962,2118)  (791,2118)  (924,1890)  (981,1890)  (1020,1947)  (1020,2004)  (790,1946)  (1038,1884)  (735,2061)  (735,2004)  (1076,2061)  (1076,2118)  (1076,2175)  (734,2126)  (1077,1941)  (1077,1998)  (733,1947)  (678,2069)  (678,2012)  (1133,2055)  (1133,2112)  (1133,2169)  (676,1955)  (676,1898)  (621,2104)  (621,2047)  (1190,2131)  (619,1990)  (619,1933)  (564,2048)  (562,1991)  (562,1934)  
38  (331,1856)  (362,1913)  (305,1913)  (296,1799)  (353,1799)  
39  (462,1860)  (488,1917)  (431,1917)  (426,1803)  (483,1803)  
4  (1141,259)  (1084,315)  (1084,258)  (1197,316)  (1141,202)  (1198,202)  (1198,259)  (1082,201)  (1027,347)  (1027,290)  (1254,316)  (1156,145)  (1213,145)  (1255,202)  (1255,259)  (1270,130)  (1281,373)  (970,366)  (970,309)  (913,398)  
40  (898,1647)  (841,1703)  (841,1646)  (954,1704)  (898,1590)  (955,1590)  (955,1647)  (839,1589)  (897,1760)  (840,1760)  (784,1703)  (784,1646)  (1011,1704)  (1011,1761)  (954,1761)  (783,1761)  (896,1533)  (953,1533)  (1010,1533)  (1012,1590)  (1012,1647)  (782,1589)  (782,1532)  (839,1532)  (897,1817)  (840,1817)  (727,1704)  (1068,1776)  (1003,1818)  (783,1818)  (726,1818)  (726,1761)  (896,1476)  (953,1476)  (1010,1476)  (764,1475)  (821,1475)  (670,1704)  (669,1830)  (669,1773)  (878,1419)  (935,1419)  (992,1419)  (764,1418)  (821,1418)  (613,1716)  (612,1830)  (612,1773)  (556,1716)  (555,1830)  (555,1773)  
41  (1179,1575)  (1122,1631)  (1122,1574)  (1228,1632)  (1179,1518)  (1120,1517)  (1171,1688)  (1235,1689)  (1177,1461)  (1106,1460)  (1178,1745)  (1163,1404)  (1220,1404)  
42  (1223,1120)  (1166,1176)  (1166,1119)  (1250,1177)  (1223,1063)  (1280,1063)  (1193,1233)  (1136,1233)  (1195,1006)  (1252,1006)  (1309,988)  (1231,1290)  (1174,1290)  (1316,931)  
43  (912,1079)  (855,1135)  (855,1078)  (968,1136)  (912,1022)  (969,1022)  (969,1079)  (853,1021)  (911,1192)  (854,1192)  (798,1135)  (798,1078)  (1025,1136)  (1025,1193)  (968,1193)  (797,1193)  (910,965)  (967,965)  (1026,977)  (1026,1034)  (796,1021)  (796,964)  (853,964)  (911,1249)  (854,1249)  (741,1084)  (1082,1091)  (1054,1250)  (997,1250)  (797,1250)  (1083,984)  (739,1027)  (739,970)  (739,913)  (796,907)  (853,907)  (940,1306)  (883,1306)  (1047,1307)  (826,1307)  (769,1307)  (682,1063)  (682,1006)  (682,949)  (625,1063)  (625,1006)  (625,949)  (568,1038)  (568,981)  (568,924)  
5  (1524,210)  (1467,266)  (1467,209)  (1580,267)  (1524,153)  (1581,153)  (1581,210)  (1465,152)  (1523,323)  (1466,323)  (1410,266)  (1410,209)  (1637,267)  (1598,324)  (1409,324)  (1522,96)  (1579,96)  (1636,96)  (1638,153)  (1638,210)  (1408,152)  (1408,95)  (1465,95)  (1693,94)  (1529,380)  (1472,380)  (1415,381)  (1358,381)  (1695,151)  (1695,208)  (1466,438)  (1409,438)  (1752,114)  (1752,171)  (1410,495)  (1809,141)  
6  (1652,455)  (1595,511)  (1595,454)  (1652,512)  (1652,398)  (1709,398)  (1709,455)  (1590,568)  (1538,511)  (1723,341)  (1766,398)  (1533,573)  (1780,327)  (1823,384)  (1531,630)  (1476,573)  (1474,632)  (1837,272)  (1880,329)  (1482,689)  (1894,243)  (1937,300)  (1439,746)  (1951,228)  (1994,285)  
7  (2473,155)  (2416,211)  (2416,154)  (2529,212)  (2530,107)  (2359,224)  (2359,167)  (2586,164)  (2586,221)  (2302,229)  (2302,172)  (2643,119)  (2643,176)  (2671,233)  (2245,237)  (2245,180)  (2700,128)  (2728,185)  (2728,242)  (2188,248)  (2188,191)  (2785,147)  (2785,204)  (2131,255)  (2131,198)  (2842,162)  (2842,219)  (2074,212)  (2899,181)  
8  (3144,353)  (3087,370)  (3087,313)  (3200,410)  (3144,296)  (3201,328)  (3046,256)  (3030,340)  (3257,385)  (3257,442)  (2989,283)  (3314,409)  (2932,299)  
9  (3526,203)  (3469,259)  (3469,202)  (3582,260)  (3526,146)  (3583,146)  (3583,203)  (3467,145)  (3525,316)  (3468,316)  (3412,259)  (3412,202)  (3639,260)  (3639,317)  (3582,317)  (3411,317)  (3524,89)  (3581,89)  (3638,89)  (3640,146)  (3640,203)  (3410,145)  (3410,88)  (3467,88)  (3695,76)  (3473,373)  (3355,260)  (3355,203)  (3696,260)  (3696,317)  (3416,374)  (3354,330)  (3697,133)  (3697,190)  (3353,146)  (3353,89)  (3298,273)  (3298,216)  (3753,247)  (3753,304)  (3754,92)  (3754,149)  (3296,159)  (3296,102)  (3241,251)  (3810,206)  (3810,263)  (3239,194)  (3239,137)  (3182,217)  (3182,160)  (3125,187)  
Allon Settlement  (3528,1104)  (3528,1166)  (3467,1104)  (3406,1104)  (3591,1104)  (3357,1165)  (3592,1167)  
Anchorhead  (3161,1926)  (3099,1927)  (3037,1903)  (3098,1865)  (3161,1863)  (3161,1988)  
Arch Canyon  (2312,560)  (2374,580)  (2435,579)  (2352,641)  (2415,642)  (2391,702)  (2494,595)  
Arnthout  (2560,1533)  (2503,1589)  (2503,1532)  (2616,1590)  (2560,1476)  (2617,1478)  (2446,1591)  
B-omarr Flats  (2927,805)  (2870,861)  (2870,804)  (2983,862)  (2927,748)  (2984,769)  (2868,747)  (2926,918)  (2983,942)  (3014,999)  
Badlands  (1828,893)  (1771,914)  (1884,950)  (1810,836)  (1867,836)  (1885,893)  (1896,1007)  (1867,779)  
Bantha Burrows  (3251,1082)  (3312,1080)  (3189,1081)  (3127,1073)  (3266,1021)  (3281,1142)  
Bantha Plains  (3325,758)  (3268,814)  (3268,757)  (3345,815)  (3325,701)  (3382,726)  (3266,700)  (3402,783)  (3274,643)  
Bastion  (148,1856)  (91,1912)  (91,1855)  (204,1913)  (148,1799)  (205,1799)  (205,1856)  (89,1798)  
Beggars Canyon  (2386,349)  (2329,405)  (2329,348)  (2386,292)  (2443,292)  (2443,349)  (2281,462)  (2272,405)  (2272,348)  (2500,286)  (2557,290)  
Bens Mesa  (2489,482)  (2432,514)  (2526,425)  (2375,496)  
Bestine  (2920,1493)  (2859,1493)  (2796,1494)  (2733,1494)  (2703,1556)  (2766,1555)  (2828,1556)  (2704,1618)  (2762,1619)  
Black Barrens  (1726,2009)  (1669,2052)  (1669,1995)  (1782,2066)  (1726,1952)  (1783,1988)  (1654,1938)  (1839,2045)  (1711,1895)  (1768,1895)  (1640,1881)  (1747,1838)  
BlackSunPic  (4744,1815)  (4687,1871)  (4687,1814)  (4800,1872)  (4744,1758)  (4801,1758)  (4801,1815)  (4685,1757)  (4630,1890)  (4630,1833)  (4857,1872)  (4858,1743)  (4858,1800)  (4628,1776)  
CSAPic  (4169,126)  (4112,182)  (4112,125)  (4225,183)  (4169,69)  (4226,69)  (4226,126)  (4110,68)  (4055,204)  (4055,147)  (4282,183)  (4283,57)  (4283,114)  (4053,90)  
Cheenee Rift  (2531,2143)  (2474,2199)  (2474,2142)  (2531,2086)  (2588,2086)  (2588,2143)  (2417,2199)  (2417,2142)  (2360,2199)  
Corellia  (574,2800)  (517,2856)  (517,2799)  (630,2857)  (574,2743)  (631,2743)  (631,2800)  (515,2742)  
CorellianPic  (643,2573)  (586,2629)  (586,2572)  (699,2630)  (643,2516)  (700,2516)  (700,2573)  (584,2515)  (529,2646)  (529,2589)  (756,2630)  (757,2499)  (757,2556)  (527,2532)  
Coruscant  (4805,829)  (4748,885)  (4748,828)  (4861,886)  (4805,772)  (4862,772)  (4862,829)  (4746,771)  
Dannars Claim  (3545,1334)  (3488,1387)  (3488,1330)  (3545,1277)  (3602,1277)  (3602,1334)  
Desolation Canyons  (1857,1273)  (1800,1329)  (1800,1272)  (1913,1330)  (1857,1216)  (1914,1216)  (1914,1273)  (1856,1386)  (1799,1386)  (1828,1159)  (1885,1159)  (1971,1238)  
Douz Outpost  (1450,1443)  (1391,1443)  (1333,1443)  (1450,1502)  (1390,1503)  (1333,1502)  (1450,1383)  (1390,1383)  (1331,1383)  (1333,1563)  (1395,1563)  (1452,1563)  
Dry Seas  (2044,1077)  (1987,1130)  (1987,1073)  (2100,1134)  (2044,1020)  (2101,1020)  (2101,1077)  (1982,1016)  (2117,1191)  (2060,1191)  
Drydust Crescent  (3199,1420)  (3142,1428)  (3142,1371)  (3199,1363)  (3256,1363)  (3256,1420)  (3118,1314)  (3180,1306)  (3237,1306)  (3294,1306)  (3313,1363)  (3313,1420)  (3351,1276)  (3370,1333)  (3370,1390)  
Eastern Dune Sea  (3405,2048)  (3348,2104)  (3348,2047)  (3461,2105)  (3405,1991)  (3462,1991)  (3462,2048)  (3346,1990)  (3404,2161)  (3347,2161)  (3291,2104)  (3291,2047)  (3290,2162)  (3403,1934)  (3460,1934)  (3517,1934)  (3519,1991)  (3382,2218)  (3234,2105)  (3233,2177)  (3437,1877)  
Eidolon Base  (3434,946)  (3487,884)  (3427,884)  (3365,897)  (3371,957)  (3379,1019)  (3442,1007)  (3504,948)  (3505,1009)  (3565,1032)  
Etti  (4234,352)  (4177,408)  (4177,351)  (4290,409)  (4234,295)  (4291,295)  (4291,352)  (4175,294)  
Farm Lands  (3304,1811)  (3247,1867)  (3247,1810)  (3322,1868)  (3304,1754)  (3361,1781)  (3245,1753)  (3265,1924)  (3230,1696)  
Fondor  (4800,2039)  (4743,2095)  (4743,2038)  (4856,2096)  (4800,1982)  (4857,1982)  (4857,2039)  (4741,1981)  
Forbidden Pass  (2334,1980)  (2277,2036)  (2277,1979)  (2390,2037)  (2334,1923)  (2391,1923)  (2391,1980)  (2275,1922)  
Fort Tusken  (1632,793)  (1575,849)  (1575,792)  (1672,850)  (1632,736)  (1689,736)  (1689,793)  (1573,735)  (1615,906)  (1558,906)  (1518,849)  (1518,792)  (1630,679)  (1687,679)  (1744,679)  (1746,736)  (1501,923)  (1559,963)  (1661,622)  (1718,622)  (1803,692)  (1502,980)  (1444,927)  
Gafsa Canyon  (1974,2132)  (1917,2164)  (1917,2107)  (2021,2189)  (2031,2086)  (1964,2221)  (1990,2278)  
Galaxy Left  (351,209)  (294,265)  (294,208)  (407,266)  (351,152)  (408,152)  (408,209)  (292,151)  (350,322)  (293,322)  (237,265)  (237,208)  (464,266)  (464,323)  (407,323)  (236,323)  (349,95)  (406,95)  (463,95)  (465,152)  (465,209)  (235,151)  (235,94)  (292,94)  (520,40)  (350,379)  (293,379)  (180,266)  (180,209)  (521,266)  (521,323)  (521,380)  (464,380)  (407,380)  (236,380)  (179,380)  (179,323)  (349,38)  (406,38)  (463,38)  (522,97)  (522,154)  (178,152)  (178,95)  (178,38)  (235,37)  (292,37)  (577,0)  (350,436)  (293,436)  (123,266)  (123,209)  (578,211)  (578,268)  (578,325)  (578,382)  (521,437)  (464,437)  (407,437)  (236,437)  (179,437)  (122,437)  (122,380)  (122,323)  (579,57)  (579,114)  (121,152)  (121,95)  (121,38)  (580,439)  (634,0)  (66,266)  (66,209)  (635,171)  (635,228)  (635,285)  (635,342)  (523,494)  (466,494)  (65,485)  (65,428)  (65,371)  (636,57)  (636,114)  (64,152)  (64,95)  (64,38)  (637,399)  (637,456)  (580,496)  (691,0)  (9,314)  (9,257)  (692,171)  (692,228)  (692,285)  (692,342)  (523,551)  (466,551)  (8,485)  (8,428)  (8,371)  (693,57)  (693,114)  (7,200)  (7,143)  (7,86)  (7,29)  (694,399)  (748,0)  (749,171)  (749,228)  (749,285)  (749,342)  (506,608)  (449,608)  (750,57)  (750,114)  (805,0)  (806,171)  (806,228)  (806,285)  (489,665)  (432,665)  (807,57)  (807,114)  (862,0)  (863,171)  (863,228)  (864,57)  (864,114)  (919,0)  (920,171)  (921,57)  (921,114)  (976,0)  (977,171)  (978,57)  (978,114)  (1033,0)  (1035,57)  (1035,114)  (1090,0)  (1092,57)  (487,999)  (430,999)  (373,999)  (316,999)  (259,999)  (202,999)  (145,999)  (88,999)  (31,999)  (1147,0)  (488,1056)  (431,1056)  (374,1056)  (317,1056)  (260,1056)  (203,1056)  (146,1056)  (89,1056)  (32,1056)  (1204,0)  (520,1113)  (463,1113)  (406,1113)  (349,1113)  (292,1113)  (235,1113)  (178,1113)  (121,1113)  (64,1113)  (7,1113)  (1261,0)  (641,1127)  (584,1127)  (527,1170)  (470,1170)  (413,1170)  (356,1170)  (299,1170)  (242,1170)  (185,1170)  (128,1170)  (71,1170)  (14,1170)  (698,1177)  (641,1184)  (584,1184)  (527,1227)  (470,1227)  (413,1227)  (356,1227)  (299,1227)  (242,1227)  (185,1227)  (128,1227)  (71,1227)  (14,1227)  (700,1234)  (643,1241)  (586,1241)  (529,1284)  (472,1284)  (415,1284)  (358,1284)  (301,1284)  (244,1284)  (187,1284)  (130,1284)  (73,1284)  (16,1284)  (700,1291)  (643,1298)  (586,1298)  (529,1341)  (472,1341)  (415,1341)  (358,1341)  (301,1341)  (244,1341)  (187,1341)  (130,1341)  (73,1341)  (16,1341)  (700,1348)  (1495,0)  (643,1355)  (586,1355)  (529,1398)  (472,1398)  (415,1398)  (358,1398)  (301,1398)  (244,1398)  (187,1398)  (130,1398)  (73,1398)  (16,1398)  (700,1405)  (1552,0)  (643,1412)  (586,1412)  (529,1455)  (472,1455)  (415,1455)  (358,1455)  (301,1455)  (244,1455)  (187,1455)  (130,1455)  (73,1455)  (16,1455)  (700,1462)  (1609,0)  (643,1469)  (586,1469)  (529,1512)  (472,1512)  (700,1519)  (1666,0)  (643,1526)  (586,1526)  (529,1569)  (472,1569)  (1723,0)  (678,1583)  (621,1583)  (507,1626)  (450,1626)  (1780,0)  (488,1683)  (431,1683)  (1826,57)  (1837,0)  (1883,57)  (1894,0)  (1933,114)  (1940,57)  (1951,0)  (1990,114)  (1997,57)  (2008,0)  (2054,57)  (2065,0)  (2111,57)  (2122,0)  (487,2010)  (430,2010)  (373,2010)  (316,2010)  (259,2010)  (202,2010)  (145,2010)  (88,2010)  (31,2010)  (2168,57)  (2179,0)  (492,2067)  (435,2067)  (378,2067)  (321,2067)  (264,2067)  (207,2067)  (150,2067)  (93,2067)  (36,2067)  (2225,57)  (2236,0)  (508,2124)  (451,2124)  (394,2124)  (337,2124)  (280,2124)  (223,2124)  (166,2124)  (109,2124)  (52,2124)  (2293,0)  (565,2169)  (508,2181)  (451,2181)  (394,2181)  (337,2181)  (280,2181)  (223,2181)  (166,2181)  (109,2181)  (52,2181)  (625,2184)  (690,2191)  (799,2195)  (866,2199)  (923,2206)  (2350,0)  (982,2222)  (568,2226)  (511,2238)  (454,2238)  (397,2238)  (340,2238)  (283,2238)  (226,2238)  (169,2238)  (112,2238)  (55,2238)  (633,2241)  (742,2248)  (809,2252)  (866,2256)  (925,2263)  (2407,0)  (1037,2279)  (576,2283)  (519,2295)  (462,2295)  (405,2295)  (348,2295)  (291,2295)  (234,2295)  (177,2295)  (120,2295)  (63,2295)  (6,2295)  (685,2298)  (752,2305)  (809,2309)  (868,2313)  (980,2320)  (1047,2336)  (628,2340)  (571,2352)  (514,2352)  (457,2352)  (400,2352)  (343,2352)  (286,2352)  (229,2352)  (172,2352)  (115,2352)  (58,2352)  (1,2352)  (695,2355)  (752,2362)  (811,2366)  (923,2370)  (990,2377)  (1049,2393)  (638,2397)  (581,2409)  (524,2409)  (467,2409)  (410,2409)  (353,2409)  (296,2409)  (239,2409)  (182,2409)  (125,2409)  (68,2409)  (11,2409)  (695,2412)  (754,2419)  (866,2423)  (933,2427)  (992,2434)  (1049,2450)  (418,2466)  (361,2466)  (304,2466)  (247,2466)  (190,2466)  (133,2466)  (76,2466)  (19,2466)  (876,2480)  (935,2484)  (992,2491)  (418,2523)  (361,2523)  (304,2523)  (247,2523)  (190,2523)  (133,2523)  (76,2523)  (19,2523)  (878,2537)  (935,2541)  (1044,2548)  (418,2580)  (361,2580)  (304,2580)  (247,2580)  (190,2580)  (133,2580)  (76,2580)  (19,2580)  (878,2594)  (987,2598)  (418,2637)  (361,2637)  (304,2637)  (247,2637)  (190,2637)  (133,2637)  (76,2637)  (19,2637)  (418,2694)  (361,2694)  (304,2694)  (247,2694)  (190,2694)  (133,2694)  (76,2694)  (19,2694)  (418,2751)  (361,2751)  (304,2751)  (247,2751)  (190,2751)  (133,2751)  (76,2751)  (19,2751)  (418,2808)  (361,2808)  (304,2808)  (247,2808)  (190,2808)  (133,2808)  (76,2808)  (19,2808)  (1959,2818)  (2017,2838)  (1902,2849)  (2076,2855)  (418,2865)  (361,2865)  (304,2865)  (247,2865)  (190,2865)  (133,2865)  (76,2865)  (19,2865)  (2137,2870)  (1960,2875)  (1845,2880)  (2197,2882)  (2255,2891)  (2019,2895)  (2317,2898)  (2404,2903)  (1788,2904)  (1903,2906)  (2080,2912)  (1731,2921)  (418,2922)  (361,2922)  (304,2922)  (247,2922)  (190,2922)  (133,2922)  (76,2922)  (19,2922)  (2140,2927)  (1674,2931)  (1962,2932)  (1846,2937)  (1617,2938)  (2198,2939)  (1560,2942)  
Galaxy Right  (4711,195)  (4654,251)  (4654,194)  (4767,252)  (4711,138)  (4768,138)  (4768,195)  (4652,137)  (4710,308)  (4653,308)  (4597,251)  (4597,194)  (4824,252)  (4824,309)  (4767,309)  (4596,309)  (4709,81)  (4766,81)  (4823,81)  (4825,138)  (4825,195)  (4595,137)  (4595,80)  (4652,80)  (4880,26)  (4710,365)  (4653,365)  (4540,252)  (4540,195)  (4881,252)  (4881,309)  (4881,366)  (4824,366)  (4767,366)  (4596,366)  (4539,366)  (4539,309)  (4709,24)  (4766,24)  (4823,24)  (4882,83)  (4882,140)  (4538,138)  (4538,81)  (4538,24)  (4595,23)  (4652,23)  (4937,0)  (4710,422)  (4653,422)  (4483,252)  (4483,195)  (4938,197)  (4938,254)  (4938,311)  (4938,368)  (4881,423)  (4824,423)  (4767,423)  (4596,423)  (4539,423)  (4482,423)  (4482,366)  (4482,309)  (4939,57)  (4939,114)  (4481,138)  (4481,81)  (4481,24)  (4940,425)  (4426,252)  (4426,195)  (4516,480)  (4459,480)  (4425,423)  (4425,366)  (4425,309)  (4424,138)  (4424,81)  (4424,24)  (4402,503)  (4516,537)  (4459,537)  (4402,560)  (4345,560)  (4516,594)  (4459,594)  (4402,617)  (4345,617)  (4288,617)  (4288,560)  (4516,651)  (4459,651)  (4402,674)  (4345,674)  (4288,674)  (4231,674)  (4231,617)  (4231,560)  (4174,681)  (4174,624)  (4174,567)  (4174,510)  (4117,679)  (4117,622)  (4117,565)  (4117,508)  (4060,675)  (4060,618)  (4060,561)  (4003,667)  (4003,610)  (4003,553)  (3951,203)  (3951,146)  (3951,89)  (3951,32)  (3946,650)  (3946,593)  (3946,536)  (4943,985)  (4886,985)  (4829,985)  (4772,985)  (4715,985)  (4658,985)  (4601,985)  (4544,985)  (4487,985)  (3894,204)  (3894,147)  (3894,90)  (3894,33)  (3889,565)  (3889,508)  (4943,1042)  (4886,1042)  (4829,1042)  (4772,1042)  (4715,1042)  (4658,1042)  (4601,1042)  (4544,1042)  (4487,1042)  (3837,42)  (4943,1099)  (4886,1099)  (4829,1099)  (4772,1099)  (4715,1099)  (4658,1099)  (3780,18)  (4943,1156)  (4886,1156)  (4829,1156)  (4772,1156)  (4715,1156)  (3723,8)  (4943,1213)  (4886,1213)  (4829,1213)  (4772,1213)  (4715,1213)  (3666,3)  (4943,1270)  (4886,1270)  (4829,1270)  (4772,1270)  (4715,1270)  (3609,1)  (4943,1327)  (4886,1327)  (4829,1327)  (4772,1327)  (4715,1327)  (3552,0)  (4943,1384)  (4886,1384)  (4829,1384)  (4772,1384)  (4715,1384)  (4943,1441)  (4886,1441)  (4829,1441)  (4772,1441)  (4715,1441)  (3450,0)  (4943,1498)  (4886,1498)  (4829,1498)  (4772,1498)  (4715,1498)  (3393,2)  (4943,1555)  (4886,1555)  (4829,1555)  (4772,1555)  (4715,1555)  (3336,6)  (4658,1601)  (4943,1612)  (4886,1612)  (4829,1612)  (4772,1612)  (4715,1612)  (3279,12)  (4601,1652)  (4544,1653)  (4658,1658)  (4487,1661)  (4943,1669)  (4886,1669)  (4829,1669)  (4772,1669)  (4715,1669)  (3222,23)  (4516,1718)  (4459,1718)  (3165,39)  (4516,1775)  (4459,1775)  (3108,62)  (3108,5)  (4516,1832)  (4459,1832)  (3051,91)  (3051,34)  (4516,1889)  (4459,1889)  (2994,124)  (2994,67)  (2994,10)  (2937,110)  (2937,53)  (2880,93)  (2880,36)  (2823,78)  (2823,21)  (2766,66)  (2766,9)  (4943,2193)  (4886,2193)  (4829,2193)  (4772,2193)  (4715,2193)  (4658,2193)  (4601,2193)  (4544,2193)  (4487,2193)  (4430,2193)  (4373,2193)  (4316,2193)  (4259,2193)  (4202,2194)  (4145,2195)  (2709,56)  (4088,2198)  (4031,2203)  (3974,2215)  (3917,2246)  (4943,2250)  (4886,2250)  (4829,2250)  (4772,2250)  (4715,2250)  (4658,2250)  (4601,2250)  (4544,2250)  (4487,2250)  (4430,2250)  (4373,2250)  (4316,2250)  (4259,2250)  (4202,2251)  (4145,2252)  (2652,49)  (4088,2255)  (4031,2260)  (3974,2272)  (3917,2303)  (4943,2307)  (4886,2307)  (4829,2307)  (4772,2307)  (4715,2307)  (4658,2307)  (4601,2307)  (4544,2307)  (4487,2307)  (4430,2307)  (4373,2307)  (4316,2307)  (4259,2307)  (4202,2308)  (4145,2309)  (2595,44)  (4088,2312)  (4031,2317)  (3974,2329)  (3917,2360)  (4943,2364)  (4886,2364)  (4829,2364)  (4772,2364)  (4715,2364)  (4658,2364)  (4601,2364)  (4544,2364)  (4487,2364)  (4430,2364)  (4373,2364)  (4316,2364)  (4259,2364)  (4202,2365)  (4145,2366)  (2538,41)  (4088,2369)  (4031,2374)  (3974,2386)  (3917,2417)  (4943,2421)  (4886,2421)  (4829,2421)  (4772,2421)  (4715,2421)  (4658,2421)  (4601,2421)  (4544,2421)  (4487,2421)  (4430,2421)  (4373,2421)  (4316,2421)  (4259,2421)  (4202,2422)  (4145,2423)  (4088,2426)  (4031,2431)  (3974,2443)  (3917,2474)  (4943,2478)  (4886,2478)  (4829,2478)  (4772,2478)  (4715,2478)  (4658,2478)  (4601,2478)  (4544,2478)  (4083,2488)  (4026,2500)  (3969,2531)  (3912,2531)  (4943,2535)  (4886,2535)  (4829,2535)  (4772,2535)  (4715,2535)  (4658,2535)  (4601,2535)  (4544,2535)  (4083,2545)  (4026,2557)  (3969,2588)  (3912,2588)  (4943,2592)  (4886,2592)  (4829,2592)  (4772,2592)  (4715,2592)  (4658,2592)  (4601,2592)  (4544,2592)  (4083,2602)  (4026,2614)  (4943,2649)  (4886,2649)  (4829,2649)  (4772,2649)  (4715,2649)  (4658,2649)  (4601,2649)  (4544,2649)  (4943,2706)  (4886,2706)  (4829,2706)  (4772,2706)  (4715,2706)  (4658,2706)  (4601,2706)  (4544,2706)  (4943,2763)  (4886,2763)  (4829,2763)  (4772,2763)  (4715,2763)  (4658,2763)  (4601,2763)  (4544,2763)  (2989,2818)  (4943,2820)  (4886,2820)  (4829,2820)  (4772,2820)  (4715,2820)  (4658,2820)  (4601,2820)  (4544,2820)  (2932,2837)  (3046,2851)  (2875,2854)  (2818,2868)  (2989,2875)  (4943,2877)  (4886,2877)  (4829,2877)  (4772,2877)  (4715,2877)  (4658,2877)  (4601,2877)  (4544,2877)  (2761,2880)  (3103,2881)  (2704,2890)  (2932,2894)  (2647,2897)  (2590,2901)  (2533,2904)  (3162,2905)  (3046,2908)  (2875,2911)  (3222,2922)  (2818,2925)  (2989,2932)  (3285,2933)  (4943,2934)  (4886,2934)  (4829,2934)  (4772,2934)  (4715,2934)  (4658,2934)  (4601,2934)  (4544,2934)  (2761,2937)  (3105,2938)  (3342,2939)  (3403,2943)  
Ghomrassen A  (960,665)  (903,721)  (903,664)  (1000,722)  (960,608)  (1017,625)  (901,607)  (943,778)  (898,550)  
Ghomrassen B  (1276,663)  (1219,703)  (1219,646)  (1332,720)  (1276,606)  (1333,606)  (1333,663)  (1338,777)  (1297,549)  
Ghomrassen C  (1122,837)  (1065,893)  (1065,836)  (1178,894)  (1122,780)  (1179,787)  (1008,884)  (1235,844)  
Glass Mountain  (2145,390)  (2088,384)  (2201,447)  (2144,447)  (2160,333)  (2189,504)  
Grand Arena Flats  (2567,753)  (2510,809)  (2510,752)  (2623,810)  (2567,696)  (2624,698)  (2453,857)  (2453,800)  (2680,755)  (2558,639)  
Great Mesa Plateau  (2921,1172)  (2864,1161)  (2921,1115)  (2978,1115)  (2978,1172)  (2852,1104)  (2998,1229)  (2909,1058)  (3035,1149)  (2834,1047)  (3055,1206)  (2835,990)  (3112,1163)  (3112,1220)  (3169,1184)  (3226,1209)  
Guermessa A  (4188,1302)  (4131,1339)  (4131,1282)  (4203,1359)  (4188,1245)  (4245,1247)  (4260,1304)  (4074,1311)  (4317,1297)  
Guermessa B  (4083,1466)  (4026,1500)  (4026,1443)  (4139,1523)  (4083,1409)  (4140,1437)  (4005,1386)  (4082,1557)  (4154,1580)  
Guermessa C  (4288,1467)  (4231,1523)  (4231,1466)  (4330,1524)  (4288,1410)  (4345,1410)  (4345,1467)  (4266,1580)  
Hidden Droid Factory  (1690,2117)  (1679,2178)  (1621,2178)  (1581,2239)  (1561,2178)  (1628,2119)  (1566,2120)  (1506,2120)  (1641,2238)  
High Ground  (1794,2229)  (1737,2279)  (1694,2336)  
Highland Basin  (2647,1286)  (2590,1342)  (2590,1285)  (2703,1343)  (2647,1229)  (2704,1229)  (2704,1286)  (2588,1228)  (2533,1319)  (2661,1400)  (2761,1214)  (2761,1271)  (2531,1262)  (2474,1280)  (2474,1223)  (2417,1242)  
Hubba Heights  (1935,1918)  (1878,1957)  (1878,1900)  (1991,1975)  (1935,1861)  (1992,1887)  (1859,1843)  (2048,1983)  (1828,1786)  (2105,1983)  (1816,1729)  (2162,1983)  (1804,1672)  (1773,1615)  (1769,1558)  (1767,1501)  
Hutt Flats  (2090,854)  (2033,910)  (2033,853)  (2146,911)  (2090,797)  (2147,797)  (2147,854)  (2031,796)  (1976,921)  (1976,864)  (2203,911)  (2204,821)  (1974,807)  
Hutt Palace  (2270,2541)  (2208,2541)  (2269,2479)  (2206,2480)  (2147,2481)  (2146,2543)  (2208,2604)  (2271,2604)  
HuttPic  (2494,2590)  (2437,2646)  (2437,2589)  (2550,2647)  (2494,2533)  (2551,2533)  (2551,2590)  (2435,2532)  (2380,2669)  (2380,2612)  (2607,2647)  (2608,2522)  (2608,2579)  (2378,2555)  
ImperialPic  (212,1631)  (155,1687)  (155,1630)  (268,1688)  (212,1574)  (269,1574)  (269,1631)  (153,1573)  (98,1707)  (98,1650)  (325,1688)  (326,1560)  (326,1617)  (96,1593)  
Jawa Heights  (2801,1918)  (2744,1955)  (2847,1861)  (2858,1918)  (2904,1815)  (2687,1970)  (2915,1872)  (2630,1976)  (2573,1978)  (2516,1981)  
Jawa Mountain Fortress  (1487,1280)  (1430,1312)  (1430,1255)  (1544,1251)  (1544,1308)  (1404,1198)  (1373,1312)  (1373,1255)  (1601,1258)  (1347,1198)  (1316,1312)  (1316,1255)  (1658,1266)  
JediPic  (4299,2569)  (4242,2625)  (4242,2568)  (4355,2626)  (4299,2512)  (4356,2512)  (4356,2569)  (4240,2511)  (4185,2646)  (4185,2589)  (4412,2626)  (4413,2499)  (4413,2556)  (4183,2532)  
Jundland Wastes  (2022,1691)  (1965,1747)  (1965,1690)  (2078,1748)  (2022,1634)  (2079,1634)  (2079,1691)  (1963,1633)  (1908,1704)  (2135,1748)  (2135,1805)  (2078,1805)  (1906,1647)  (1906,1590)  (1963,1576)  (1871,1533)  (2192,1847)  (2135,1862)  (2161,1919)  
Junktown  (3301,1549)  (3244,1578)  (3244,1521)  (3357,1606)  (3301,1492)  (3358,1492)  (3358,1549)  
Krayt Graveyard  (3529,1726)  (3472,1758)  (3472,1701)  (3585,1783)  (3529,1669)  (3586,1669)  (3586,1726)  (3415,1713)  (3594,1840)  
Lost Ghorfas City  (1684,1043)  (1627,1099)  (1627,1042)  (1740,1100)  (1684,986)  (1741,1008)  (1570,1081)  (1797,1065)  
Lowland Basin  (2329,1670)  (2272,1726)  (2272,1669)  (2370,1727)  (2386,1655)  (2313,1783)  (2256,1783)  (2215,1681)  (2370,1784)  (2443,1655)  (2500,1655)  (2557,1655)  (2614,1655)  
Mandalore  (147,844)  (90,900)  (90,843)  (203,901)  (147,787)  (204,787)  (204,844)  (88,786)  
MandaloriansPic  (203,623)  (146,679)  (146,622)  (259,680)  (203,566)  (260,566)  (260,623)  (144,565)  (89,696)  (89,639)  (316,680)  (317,549)  (317,606)  (87,582)  
Metameur  (1582,1440)  (1645,1438)  (1520,1442)  (1520,1380)  (1581,1379)  (1644,1379)  (1690,1499)  (1679,1562)  
Mos Eisley  (3550,1521)  (3487,1522)  (3612,1521)  (3549,1461)  (3552,1583)  (3489,1586)  (3486,1458)  (3611,1461)  (3616,1583)  
Mos Entha  (2264,1085)  (2203,1084)  (2183,1023)  (2243,1021)  (2183,1146)  (2244,1147)  (2182,1208)  (2327,1085)  
Mos Espa  (2190,606)  (2164,667)  (2101,703)  (2040,686)  (2104,642)  (2178,728)  
Mos Gamos  (1447,2047)  (1509,2047)  (1446,1984)  (1509,1985)  (1571,1984)  (1571,1925)  (1571,2046)  
Mos Ila  (2985,1361)  (2983,1301)  (2921,1291)  (2923,1356)  (2861,1274)  (3045,1301)  (3048,1361)  
Mos Nytram  (2914,1991)  (2904,2052)  (2894,2113)  (2851,2000)  (2840,2063)  (2832,2124)  (2694,2193)  (2757,2193)  (2820,2190)  
Mos Osnoe  (2708,363)  (2660,304)  (2644,366)  (2649,426)  (2712,424)  (2769,330)  (2774,391)  (2831,348)  
Mos Shuuta  (1909,2366)  (1847,2419)  (1873,2481)  (1907,2425)  (1969,2411)  (1936,2517)  (1995,2474)  (1995,2474)  (1997,2535)  (1997,2535)  (1785,2426)  (1846,2324)  (1781,2359)  
Mos Taike  (2704,869)  (2645,882)  (2586,889)  (2614,949)  (2676,942)  (2642,1007)  
Mos Zabu  (2115,1438)  (2053,1456)  (2054,1394)  (1992,1474)  (2053,1516)  
Mospic High Range  (2322,840)  (2355,897)  (2298,897)  (2273,783)  (2330,783)  (2349,954)  (2257,726)  (2337,1011)  (2250,669)  
Motesta  (2546,1803)  (2489,1859)  (2489,1802)  (2602,1860)  (2546,1746)  (2603,1746)  (2603,1803)  (2487,1745)  
Motesta Oasis  (2782,1731)  (2725,1787)  (2725,1730)  (2789,1788)  (2839,1690)  (2718,1844)  (2896,1690)  
Mushroom Mesa  (2740,595)  (2683,633)  (2683,576)  (2796,652)  (2740,538)  (2797,577)  (2663,519)  (2626,579)  (2853,639)  (2773,709)  
Naboo  (4364,2797)  (4307,2853)  (4307,2796)  (4420,2854)  (4364,2740)  (4421,2740)  (4421,2797)  (4305,2739)  
NewRepublicPic  (4745,604)  (4688,660)  (4688,603)  (4801,661)  (4745,547)  (4802,547)  (4802,604)  (4686,546)  (4631,682)  (4631,625)  (4858,661)  (4859,535)  (4859,592)  (4629,568)  
Northern Dune Sea  (3048,559)  (2991,615)  (2991,558)  (3104,616)  (3048,502)  (3105,502)  (3105,559)  (2989,501)  (3047,672)  (2934,599)  (3161,616)  (3161,673)  (3104,673)  (3046,445)  (3162,519)  (2932,542)  (2932,485)  (2989,444)  (2916,428)  (3176,730)  (3119,730)  (2875,533)  (2859,476)  
Oasis South  (3204,2308)  (3147,2364)  (3147,2307)  (3238,2365)  (3204,2251)  (3261,2251)  (3261,2308)  (3145,2250)  (3088,2302)  
Old Caves  (1401,1085)  (1380,1028)  (1458,1065)  (1458,1122)  (1532,1163)  (1589,1180)  (1646,1184)  (1703,1177)  
Pika Oasis  (2241,1294)  (2179,1293)  (2117,1295)  (2059,1305)  (2132,1356)  (2194,1356)  
Pirate Base  (1116,610)  (1056,550)  (1176,551)  (996,489)  (1041,429)  (1198,432)  (1116,419)  (1236,492)  
Pit of Carkoon  (3217,904)  (3171,823)  (3108,822)  (3057,904)  (3101,986)  (3164,986)  
Ridge  (2968,2238)  (2978,2295)  (2956,2352)  (2843,2441)  (2786,2484)  (2729,2511)  (2714,2568)  
Sand People Enclave  (3083,1600)  (3026,1656)  (3026,1599)  (3139,1657)  (3083,1543)  (3140,1543)  (3140,1600)  (3024,1542)  (3082,1713)  (3025,1713)  (3166,1714)  
Southern Dune Sea  (2368,2343)  (2311,2399)  (2311,2342)  (2424,2400)  (2368,2286)  (2425,2286)  (2425,2343)  (2309,2285)  (2367,2456)  (2254,2412)  (2254,2355)  (2481,2400)  (2481,2457)  (2424,2457)  (2482,2263)  (2482,2320)  (2252,2298)  (2197,2412)  (2197,2355)  (2538,2377)  (2538,2434)  (2539,2263)  (2539,2320)  (2195,2298)  (2140,2412)  (2140,2355)  (2596,2263)  (2596,2320)  (2138,2298)  (2083,2396)  (2081,2339)  (2081,2282)  
Southern Reach  (2975,2508)  (2918,2564)  (2989,2451)  (3032,2508)  (3046,2437)  (2861,2587)  (3032,2380)  (3103,2456)  (2804,2606)  
The Wound  (2209,1585)  (2271,1585)  (2146,1566)  (2177,1503)  (2229,1442)  (2281,1381)  (2333,1321)  (2393,1324)  (2453,1366)  (2467,1427)  (2413,1489)  (2352,1520)  (2334,1582)  
Tosche Station  (3093,2112)  (3030,2112)  (3110,2053)  (3157,2112)  (3056,2173)  (2969,2112)  (3047,2051)  (2987,2051)  (3011,1991)  (3122,2172)  
Tusken Canyon  (2757,2332)  (2700,2388)  (2700,2331)  (2766,2389)  (2757,2275)  (2814,2275)  (2814,2332)  (2698,2274)  (2674,2445)  (2871,2293)  (2871,2350)  
Tusken March  (1930,521)  (1873,577)  (1873,520)  (1973,578)  (1930,464)  (1987,464)  (1987,521)  (1871,463)  (1916,634)  (1816,575)  (1968,407)  (2044,468)  (1814,518)  (1960,691)  
Wayfar  (2234,2193)  (2171,2193)  (2109,2193)  (2220,2131)  (2127,2132)  (2181,2078)  
Western Dune Sea  (1522,1730)  (1465,1786)  (1465,1729)  (1578,1787)  (1522,1673)  (1579,1673)  (1579,1730)  (1463,1672)  (1490,1843)  (1433,1843)  (1408,1786)  (1408,1729)  (1635,1787)  (1636,1638)  (1636,1695)  (1406,1672)  (1376,1875)  (1351,1818)  (1351,1761)  (1692,1752)  (1693,1663)  (1349,1704)  (1349,1647)  
Xelric Draw  (2482,1093)  (2425,1149)  (2425,1092)  (2538,1150)  (2482,1036)  (2539,1036)  (2539,1093)  (2423,1035)  (2595,1150)  (2480,979)  (2537,979)  (2596,1070)  (2420,978)  (2652,1127)  (2504,922)  (2653,1070)  (2709,1127)  (2710,1070)  (2766,1127)  (2767,1070)  
